# SDSS_dr8objid         plateifu      mangaid     logMass   Bar/Ti   B/Ti   u-r-disc   u-r-bar    u-r-bulge   g-i-disc   g-i-bar   g-i-bulge   n-disc   re-disc   ba-disc   n-bar   re-bar   ba-bar   n-bulge   re-bulge   ba-bulge   s_n                  
  1237660937165668572   10001-9101    1-48189     9.64      0.22     0.0    1.45       1.34       0.0         0.59       0.49      0.0         1.0      14.57     0.8       0.91    7.15     0.29     0.0       0.0        0.0        1237660937165668572  
  1237664835385098797   10218-12705   1-604875    9.32      0.06     0.0    1.55       2.18       0.0         0.69       1.08      0.0         1.0      34.96     0.91      1.04    20.81    0.18     0.0       0.0        0.0        1237664835385098797  
  1237661085882253647   10221-12705   1-298555    8.69      0.07     0.0    1.34       2.2        0.0         0.49       1.05      0.0         1.0      33.56     0.77      0.52    6.69     0.55     0.0       0.0        0.0        1237661085882253647  
  1237680001450967225   10223-12702   1-35586     9.62      0.15     0.0    1.35       1.19       0.0         0.51       0.46      0.0         1.0      21.74     0.64      0.88    9.62     0.25     0.0       0.0        0.0        1237680001450967225  
  1237663782603325569   10226-3704    1-36386     10.59     0.08     0.08   1.87       5.29       2.37        0.86       1.7       1.22        1.0      18.02     0.86      0.32    11.81    0.2      0.46      2.01       0.75       1237663782603325569  
  1237664092899705045   10498-12702   1-385365    9.29      0.15     0.0    1.01       1.5        0.0         0.31       0.53      0.0         1.0      30.2      0.67      0.92    10.39    0.28     0.0       0.0        0.0        1237664092899705045  
  1237661124540760221   10499-12701   1-605451    9.58      0.15     0.0    1.36       1.66       0.0         0.56       0.77      0.0         1.0      44.35     0.71      0.67    11.24    0.36     0.0       0.0        0.0        1237661124540760221  
  1237654605851853084   10512-3702    1-76991     9.51      0.06     0.0    1.82       1.36       0.0         0.74       0.72      0.0         1.0      17.98     0.95      0.85    8.93     0.17     0.0       0.0        0.0        1237654605851853084  
  1237654604782502118   10514-12704   1-78029     9.33      0.14     0.0    1.24       1.6        0.0         0.48       0.71      0.0         1.0      27.18     0.95      1.23    8.9      0.21     0.0       0.0        0.0        1237654604782502118  
  1237667912745353365   11010-6103    1-522093    9.56      0.15     0.0    1.32       1.58       0.0         0.63       0.54      0.0         1.0      18.17     0.78      0.74    9.34     0.2      0.0       0.0        0.0        1237667912745353365  
  1237667912745287745   11010-9101    1-522062    10.14     0.17     0.0    1.28       1.54       0.0         0.66       0.63      0.0         1.0      21.49     0.67      1.21    9.22     0.23     0.0       0.0        0.0        1237667912745287745  
  1237661388141166646   11012-12702   1-245497    11.23     0.11     0.05   2.05       3.64       3.17        1.0        1.55      1.37        1.0      43.76     0.57      0.29    17.51    0.31     0.79      1.93       0.74       1237661388141166646  
  1237667443511656452   11014-12705   1-456339    9.82      0.12     0.07   2.23       2.4        1.89        0.99       0.98      1.05        1.0      31.26     0.71      0.13    20.09    0.17     1.18      1.89       0.62       1237667443511656452  
  1237659131670626471   11016-12703   1-197191    11.05     0.12     0.16   2.1        3.04       2.8         0.97       1.31      1.27        1.0      34.02     0.6       0.34    11.76    0.31     1.03      2.41       0.63       1237659131670626471  
  1237661958294929529   11017-12704   1-319668    10.45     0.09     0.09   1.71       7.22       3.12        0.75       2.21      1.45        1.0      27.99     0.54      0.3     14.42    0.23     0.92      2.1        0.69       1237661958294929529  
  1237661958829441105   11019-12705   1-623253    11.14     0.03     0.05   1.96       7.55       2.91        0.94       2.01      1.26        1.0      55.8      0.9       0.92    24.31    0.14     0.9       2.5        0.91       1237661958829441105  
  1237664092366110748   11748-12701   1-387154    10.5      0.11     0.15   2.07       2.9        2.63        1.06       1.18      1.25        1.0      35.2      0.75      0.11    14.78    0.31     1.0       2.21       0.9        1237664092366110748  
  1237664093439787198   11748-6101    1-605691    9.6       0.28     0.0    2.37       2.16       0.0         0.96       1.17      0.0         1.0      20.8      0.52      1.09    7.51     0.38     0.0       0.0        0.0        1237664093439787198  
  1237650797287637041   11754-12705   1-53172     10.92     0.35     0.16   1.98       2.51       2.53        0.95       1.14      1.16        1.0      73.79     0.9       0.87    29.74    0.39     1.32      3.97       0.88       1237650797287637041  
  1237661967431041149   11755-9102    1-282627    10.61     0.08     0.0    1.87       -17168.7   0.0         0.88       1.86      0.0         1.0      22.96     0.65      2.24    5.67     0.33     0.0       0.0        0.0        1237661967431041149  
  1237658800429662347   11761-9101    1-195370    9.44      0.12     0.0    1.31       2.27       0.0         0.58       0.66      0.0         1.0      14.0      0.55      0.49    6.42     0.26     0.0       0.0        0.0        1237658800429662347  
  1237664673787019271   11826-9101    1-620558    9.83      0.18     0.0    1.3        1.37       0.0         0.51       0.65      0.0         1.0      22.69     0.75      1.49    8.0      0.25     0.0       0.0        0.0        1237664673787019271  
  1237661957756223541   11830-12702   1-623986    10.83     0.33     0.11   1.93       2.39       2.88        0.99       1.03      1.27        1.0      40.34     0.88      1.06    21.35    0.4      1.3       2.46       0.92       1237661957756223541  
  1237661151915868250   11830-6102    1-234250    9.8       0.09     0.0    1.61       0.76       0.0         0.72       0.32      0.0         1.0      18.45     0.87      0.94    5.57     0.19     0.0       0.0        0.0        1237661151915868250  
  1237661957757010031   11830-6103    1-319440    10.81     0.3      0.1    2.54       2.18       8.44        1.14       1.06      1.43        1.0      36.93     0.96      1.88    7.17     0.56     1.3       2.59       0.52       1237661957757010031  
  1237661958293028932   11831-12702   1-152193    11.33     0.07     0.06   2.12       3.69       2.59        0.95       1.67      1.28        1.0      33.99     0.96      0.34    15.48    0.21     0.92      2.32       0.7        1237661958293028932  
  1237651754028302528   11835-3704    1-70172     9.96      0.1      0.0    1.58       2.56       0.0         0.76       1.04      0.0         1.0      13.26     0.75      0.19    11.81    0.17     0.0       0.0        0.0        1237651754028302528  
  1237658802577080463   11863-12704   1-195400    10.74     0.08     0.1    1.96       3.57       2.58        0.89       1.39      1.22        1.0      52.58     0.95      0.67    24.31    0.22     1.4       2.7        0.97       1237658802577080463  
  1237651752923562298   11866-1902    1-60604     9.14      0.07     0.0    1.44       2.3        0.0         0.59       0.81      0.0         1.0      23.38     0.92      1.01    10.3     0.17     0.0       0.0        0.0        1237651752923562298  
  1237648722291392551   11866-6102    1-1038      10.94     0.1      0.12   2.21       1.7        3.3         1.05       0.83      1.51        1.0      23.14     0.62      0.15    9.58     0.45     0.84      2.06       0.8        1237648722291392551  
  1237662302981914874   11944-12701   1-323378    10.42     0.08     0.14   1.73       4.14       2.52        0.84       1.28      1.2         1.0      28.69     0.62      0.1     25.1     0.18     0.95      2.12       0.72       1237662302981914874  
  1237654953743351850   11945-6104    1-95290     10.86     0.35     0.13   2.19       2.46       2.33        1.1        1.2       1.24        1.0      39.6      0.44      0.56    12.36    0.6      0.83      2.0        0.72       1237654953743351850  
  1237661387620221372   11951-12702   1-249703    10.56     0.11     0.04   1.79       5.98       4.05        0.83       1.23      1.38        1.0      21.9      0.76      0.1     16.97    0.18     0.28      1.4        0.87       1237661387620221372  
  1237662302966579220   11954-9102    1-152334    9.53      0.18     0.0    1.24       1.41       0.0         0.01       0.95      0.0         1.0      19.8      0.8       1.54    9.13     0.16     0.0       0.0        0.0        1237662302966579220  
  1237658800966926419   11955-12703   1-195325    10.9      0.07     0.13   2.17       3.1        2.72        1.05       1.27      1.38        1.0      40.41     0.67      0.19    28.79    0.14     0.88      3.9        0.59       1237658800966926419  
  1237658916922392624   11955-9102    1-195251    10.84     0.18     0.09   1.62       2.19       2.26        0.12       0.47      2.16        1.0      23.6      0.98      0.27    16.39    0.31     0.84      1.91       0.77       1237658916922392624  
  1237657858222325778   11957-9101    1-151386    11.02     0.17     0.11   1.81       3.32       3.33        0.91       1.25      1.55        1.0      26.23     0.88      0.25    17.02    0.3      0.86      2.15       0.95       1237657858222325778  
  1237655125019263012   11958-12704   1-144443    11.28     0.07     0.1    2.31       3.68       2.72        1.14       1.62      1.31        1.0      61.37     0.94      0.37    20.52    0.37     1.44      4.45       0.8        1237655125019263012  
  1237655123945783446   11958-6103    1-627746    10.33     0.13     0.0    1.59       1.74       0.0         0.69       0.98      0.0         1.0      20.76     0.75      0.53    15.93    0.22     0.0       0.0        0.0        1237655123945783446  
  1237662637984317451   11960-12704   1-336690    11.16     0.04     0.07   1.9        8.93       2.93        0.9        2.34      1.31        1.0      50.89     0.72      0.45    12.94    0.26     0.78      3.27       0.73       1237662637984317451  
  1237662198819979509   11962-12703   1-333735    9.25      0.07     0.0    1.26       1.3        0.0         0.47       0.68      0.0         1.0      30.28     0.91      1.33    10.39    0.16     0.0       0.0        0.0        1237662198819979509  
  1237662636908871743   11967-9102    1-335527    8.91      0.15     0.0    1.23       1.81       0.0         0.43       0.76      0.0         1.0      23.89     0.87      1.64    8.99     0.34     0.0       0.0        0.0        1237662636908871743  
  1237662199356260567   11970-12702   1-333272    9.15      0.09     0.0    1.31       1.07       0.0         0.45       0.39      0.0         1.0      13.61     0.82      0.1     6.24     0.22     0.0       0.0        0.0        1237662199356260567  
  1237662636905857063   11970-12704   1-333381    10.95     0.13     0.12   2.17       3.26       2.61        0.99       1.32      1.24        1.0      38.68     0.78      0.44    15.77    0.39     1.8       3.58       0.82       1237662636905857063  
  1237665102223704415   11976-12703   1-446242    10.73     0.87     0.06   7.28       2.08       1.83        1.9        0.99      1.12        0.1      25.64     0.13      1.0     24.44    0.56     0.53      1.74       0.67       1237665102223704415  
  1237661465994396132   11979-12703   1-273213    10.93     0.05     0.08   1.9        8.06       3.01        0.9        1.46      1.35        1.0      25.79     0.89      0.26    19.65    0.17     0.8       1.97       0.82       1237661465994396132  
  1237662337871904959   11979-12705   1-273186    10.86     0.17     0.14   2.25       2.86       2.65        1.0        1.22      1.27        1.0      28.63     0.95      0.32    12.55    0.4      1.14      1.81       0.94       1237662337871904959  
  1237661464921047275   11979-6104    1-270655    10.71     0.16     0.14   2.33       2.66       2.68        1.09       1.19      1.26        1.0      29.02     0.64      0.33    12.81    0.36     0.98      2.07       0.78       1237661464921047275  
  1237662336798228640   11979-9101    1-270268    11.02     0.11     0.12   1.88       3.26       3.23        0.87       1.25      1.42        1.0      24.98     0.88      0.23    18.19    0.24     1.03      2.04       0.82       1237662336798228640  
  1237663543683711336   12067-12701   1-635999    11.21     0.11     0.11   1.93       3.85       2.85        0.89       1.46      1.32        1.0      31.26     0.96      0.77    18.12    0.2      0.88      2.31       0.94       1237663543683711336  
  1237663479258612215   12067-12705   1-26682     11.04     0.08     0.09   2.01       5.16       2.96        0.99       1.52      1.41        1.0      36.52     0.72      0.21    15.44    0.39     0.8       2.74       0.84       1237663479258612215  
  1237663543686136146   12068-12703   1-27443     10.66     0.29     0.0    1.72       1.61       0.0         0.78       0.92      0.0         1.0      16.08     0.86      1.22    8.57     0.33     0.0       0.0        0.0        1237663543686136146  
  1237656567585833257   12068-9102    1-26985     11.3      0.19     0.11   2.24       3.31       3.0         1.1        1.31      1.4         1.0      29.55     0.48      0.51    13.49    0.33     0.79      2.41       0.76       1237656567585833257  
  1237663462605783107   12071-12703   1-28725     10.94     0.2      0.13   1.89       2.95       2.43        0.96       1.16      1.32        1.0      43.04     0.91      0.91    25.21    0.31     1.14      3.07       0.96       1237663462605783107  
  1237666407900250147   12071-3704    1-28600     9.93      0.31     0.0    2.05       1.03       0.0         0.83       0.52      0.0         1.0      12.07     0.83      0.96    6.33     0.46     0.0       0.0        0.0        1237666407900250147  
  1237663204922294364   12074-12703   1-33775     10.72     0.07     0.06   1.69       2.17       1.54        0.81       0.95      0.84        1.0      23.49     0.95      0.1     19.64    0.15     0.47      1.46       0.67       1237663204922294364  
  1237666339726491803   12074-12705   1-33522     9.43      0.12     0.0    1.47       1.38       0.0         0.65       0.6       0.0         1.0      33.58     0.71      1.0     12.49    0.21     0.0       0.0        0.0        1237666339726491803  
  1237678617434652883   12082-12704   1-36621     9.59      0.04     0.0    1.4        1.78       0.0         0.61       0.74      0.0         1.0      30.14     0.7       0.51    7.09     0.21     0.0       0.0        0.0        1237678617434652883  
  1237665330390040627   12483-12705   1-405001    10.69     0.09     0.09   1.74       4.77       2.72        0.8        1.7       1.26        1.0      34.57     0.99      0.64    16.3     0.21     0.96      2.61       0.71       1237665330390040627  
  1237665227846713370   12484-12704   1-409539    9.67      0.07     0.0    1.42       1.94       0.0         0.65       0.75      0.0         1.0      51.29     0.66      1.3     20.67    0.15     0.0       0.0        0.0        1237665227846713370  
  1237654604252119284   12495-3702    1-79756     9.31      0.13     0.0    1.21       1.43       0.0         0.46       0.62      0.0         1.0      30.5      0.56      0.65    7.06     0.33     0.0       0.0        0.0        1237654604252119284  
  1237651504880615610   12510-6104    1-626763    10.12     0.17     0.0    1.96       2.7        0.0         0.93       1.35      0.0         1.0      22.09     0.42      0.53    6.77     0.47     0.0       0.0        0.0        1237651504880615610  
  1237665329322328314   12621-9101    1-420986    10.85     0.29     0.0    1.98       2.99       0.0         0.89       1.38      0.0         1.0      18.66     0.7       3.01    5.91     0.4      0.0       0.0        0.0        1237665329322328314  
  1237665329323180121   12624-12705   1-627030    11.07     0.26     0.1    1.99       2.62       3.0         0.94       1.11      1.51        1.0      41.06     0.83      0.93    14.38    0.43     1.16      2.79       0.78       1237665329323180121  
  1237662336260833481   12652-12701   1-270365    10.57     0.11     0.07   8.91       8.1        2.5         0.72       1.63      1.1         1.0      33.15     0.97      0.87    10.0     0.35     0.67      1.8        0.85       1237662336260833481  
  1237661465994789217   12652-1902    1-634271    10.83     0.11     0.09   1.75       3.41       2.64        0.77       1.31      1.27        1.0      35.97     0.79      0.4     8.55     0.4      0.76      1.55       0.85       1237661465994789217  
  1237665355622121532   12674-12704   1-210403    11.24     0.16     0.16   2.23       2.91       2.71        1.08       1.27      1.31        1.0      57.84     0.42      0.44    15.73    0.5      1.5       3.34       0.72       1237665355622121532  
  1237666338652618892   12772-12705   1-33337     9.01      0.07     0.0    1.29       1.63       0.0         0.46       0.85      0.0         1.0      27.1      0.6       0.22    10.97    0.28     0.0       0.0        0.0        1237666338652618892  
  1237662301903585458   7443-3701     12-193534   8.93      0.33     0.0    1.46       1.23       0.0         0.66       0.45      0.0         1.0      15.21     0.61      1.03    8.32     0.4      0.0       0.0        0.0        1237662301903585458  
  1237655373578764314   7959-6102     1-177358    10.93     0.22     0.12   1.59       2.82       2.5         0.86       1.18      1.15        1.0      34.41     0.9       0.78    11.77    0.42     0.87      2.14       0.88       1237655373578764314  
  1237655504036561391   7960-9101     1-547621    -1.0      0.04     0.0    1.63       2.17       0.0         0.71       0.96      0.0         1.0      18.95     0.73      0.33    4.71     0.29     0.0       0.0        0.0        1237655504036561391  
  1237659327109595610   7962-12701    1-177822    9.61      0.08     0.0    1.5        1.99       0.0         0.66       0.81      0.0         1.0      33.14     0.84      0.86    12.49    0.16     0.0       0.0        0.0        1237659327109595610  
  1237663542067331175   7965-9102     1-179636    9.99      0.13     0.0    1.56       1.78       0.0         0.72       0.87      0.0         1.0      19.05     0.61      1.25    5.4      0.3      0.0       0.0        0.0        1237663542067331175  
  1237659896710889954   7990-12701    1-24414     9.93      0.05     0.0    1.73       1.59       0.0         0.74       0.71      0.0         1.0      24.95     0.87      2.0     6.39     0.15     0.0       0.0        0.0        1237659896710889954  
  1237663783142424625   8079-9101     1-603795    10.66     0.18     0.13   2.28       2.36       2.62        1.06       1.0       1.32        1.0      30.84     0.7       0.48    17.35    0.38     0.82      3.39       0.7        1237663783142424625  
  1237666301091512403   8081-6103     1-37936     9.71      0.1      0.0    1.42       3.05       0.0         0.61       1.1       0.0         1.0      9.97      0.71      0.1     8.4      0.13     0.0       0.0        0.0        1237666301091512403  
  1237663238739198066   8083-12704    1-604053    10.39     0.01     0.03   1.6        -8.07      5.81        0.77       16.88     1.5         1.0      37.56     0.89      0.27    6.73     0.22     0.45      2.22       0.73       1237663238739198066  
  1237666300019081323   8085-3704     1-38348     10.69     0.25     0.09   2.19       1.57       1.87        1.02       0.8       1.07        1.0      18.68     0.91      0.37    9.55     0.31     0.66      1.95       0.85       1237666300019081323  
  1237663918410105250   8134-12701    1-377978    9.29      0.05     0.0    1.86       1.47       0.0         0.64       0.97      0.0         1.0      28.07     0.77      0.7     8.72     0.24     0.0       0.0        0.0        1237663918410105250  
  1237663530791534950   8138-12701    1-338829    9.83      0.29     0.0    1.41       1.66       0.0         0.5        0.79      0.0         1.0      22.66     0.79      1.41    10.16    0.38     0.0       0.0        0.0        1237663530791534950  
  1237663547434795319   8138-3702     1-339028    11.09     0.08     0.19   2.35       2.45       2.83        1.07       1.1       1.37        1.0      28.01     0.75      0.1     25.29    0.22     1.56      2.29       0.95       1237663547434795319  
  1237666301093740548   8155-12704    1-38713     9.51      0.18     0.0    1.61       1.51       0.0         0.72       0.56      0.0         1.0      26.95     0.63      0.43    14.07    0.17     0.0       0.0        0.0        1237666301093740548  
  1237663787953029545   8239-6101     1-378327    9.79      0.04     0.0    1.54       1.69       0.0         0.72       0.73      0.0         1.0      38.69     0.84      1.51    9.7      0.16     0.0       0.0        0.0        1237663787953029545  
  1237654391105781976   8240-6103     1-72797     10.18     0.17     0.06   2.34       2.08       1.48        1.11       1.12      0.77        1.0      21.52     0.67      0.12    12.74    0.37     0.1       1.39       0.85       1237654391105781976  
  1237667107426402363   8241-6102     1-460288    10.48     0.05     0.05   1.32       4.37       3.73        0.62       3.87      0.94        1.0      14.56     0.94      0.48    9.38     0.14     0.1       1.3        0.55       1237667107426402363  
  1237657242433159320   8250-12703    1-137912    8.44      0.17     0.0    0.85       1.44       0.0         0.37       0.51      0.0         1.0      38.85     0.85      0.89    10.41    0.34     0.0       0.0        0.0        1237657242433159320  
  1237657629515055218   8250-6102     1-217210    9.72      0.06     0.0    1.68       2.04       0.0         0.76       1.04      0.0         1.0      20.05     0.68      0.86    4.11     0.25     0.0       0.0        0.0        1237657629515055218  
  1237661852534767780   8253-6104     1-255248    10.94     0.16     0.16   2.06       2.6        2.85        1.04       1.26      1.11        1.0      28.2      0.94      0.33    8.64     0.47     0.8       1.76       0.85       1237661852534767780  
  1237661358074363926   8254-12703    1-276761    10.09     0.24     0.0    1.42       1.41       0.0         0.54       0.81      0.0         1.0      14.43     0.49      1.32    5.12     0.29     0.0       0.0        0.0        1237661358074363926  
  1237661968496984224   8256-6101     1-277103    10.45     0.09     0.46   1.83       2.76       2.57        0.82       1.12      1.19        1.0      34.52     0.67      0.1     12.08    0.33     3.62      8.2        0.79       1237661968496984224  
  1237661357538869384   8257-3703     1-278062    10.45     0.3      0.1    2.15       2.28       4.48        1.01       1.08      3.93        1.0      20.05     0.62      0.42    10.14    0.4      3.45      2.13       0.86       1237661357538869384  
  1237661850394165381   8259-12704    1-257957    9.34      0.12     0.0    1.29       2.24       0.0         0.54       0.96      0.0         1.0      36.19     0.86      0.84    10.43    0.3      0.0       0.0        0.0        1237661850394165381  
  1237655472893985015   8312-12704    1-633990    10.5      0.14     0.06   2.31       2.4        1.71        1.03       1.16      1.01        1.0      26.26     0.83      0.36    15.86    0.23     0.89      1.51       0.63       1237655472893985015  
  1237659326029299787   8312-3701     1-211006    10.54     0.14     0.22   2.39       2.65       2.67        1.16       1.22      1.15        1.0      21.68     0.85      0.67    9.06     0.32     1.06      2.12       0.82       1237659326029299787  
  1237659326029365295   8312-3704     1-210754    10.48     0.15     0.2    2.39       2.45       2.74        1.08       1.18      1.24        1.0      21.86     0.94      0.57    12.17    0.26     1.28      2.66       0.65       1237659326029365295  
  1237661850398425182   8317-12704    1-259142    11.28     0.12     0.16   2.11       3.16       2.73        0.99       1.33      1.29        1.0      46.51     0.39      0.27    10.61    0.55     1.15      2.57       0.57       1237661850398425182  
  1237661362907512876   8319-12702    1-285052    10.9      0.09     0.16   2.13       3.11       3.64        1.0        1.24      1.44        1.0      18.47     0.92      0.1     14.34    0.22     6.11      3.18       0.56       1237661362907512876  
  1237665128011399223   8323-6101     1-415476    10.93     0.13     0.11   2.06       2.98       2.64        0.98       1.3       1.38        1.0      21.13     0.78      0.43    8.7      0.38     0.8       1.33       0.95       1237665128011399223  
  1237661874020352114   8327-12702    1-250894    10.61     0.09     0.08   1.66       3.23       2.01        0.74       1.3       1.04        1.0      27.2      0.84      0.1     16.04    0.22     0.42      2.28       0.82       1237661874020352114  
  1237661434852671660   8328-12704    1-286265    9.61      0.11     0.0    1.22       1.35       0.0         0.4        0.64      0.0         1.0      14.56     0.9       0.94    6.78     0.18     0.0       0.0        0.0        1237661434852671660  
  1237662193995939938   8330-9101     1-285728    10.31     0.09     0.0    1.45       3.08       0.0         0.62       1.48      0.0         1.0      32.12     0.73      2.8     9.28     0.23     0.0       0.0        0.0        1237662193995939938  
  1237662307796975736   8331-12705    1-260534    11.19     0.2      0.15   1.7        3.34       2.87        0.9        1.2       1.42        1.0      42.16     0.78      0.76    19.34    0.31     1.03      2.24       0.88       1237662307796975736  
  1237661872410460204   8332-12701    1-250959    9.75      0.14     0.0    1.33       1.39       0.0         0.56       0.6       0.0         1.0      28.47     0.7       1.79    12.06    0.24     0.0       0.0        0.0        1237661872410460204  
  1237661872950804706   8335-6102     1-252094    9.51      0.23     0.0    1.41       1.6        0.0         0.55       0.73      0.0         1.0      22.03     0.68      1.53    7.17     0.4      0.0       0.0        0.0        1237661872950804706  
  1237662306188722244   8337-12702    1-629221    9.37      0.07     0.0    1.44       2.53       0.0         0.6        1.07      0.0         1.0      33.45     0.51      0.36    7.38     0.35     0.0       0.0        0.0        1237662306188722244  
  1237662306189508768   8337-1902     1-261274    9.3       0.13     0.0    1.51       1.46       0.0         0.63       0.61      0.0         1.0      40.54     0.91      1.07    13.19    0.34     0.0       0.0        0.0        1237662306189508768  
  1237657630051008708   8440-1902     1-216951    9.39      0.2      0.0    1.23       0.96       0.0         0.57       0.27      0.0         1.0      9.43      0.82      0.37    5.07     0.26     0.0       0.0        0.0        1237657630051008708  
  1237657775006482650   8440-3703     1-216958    10.3      0.23     0.2    1.75       2.06       2.06        0.81       0.97      1.02        1.0      35.83     0.95      0.38    11.76    0.47     1.06      1.74       0.81       1237657775006482650  
  1237662196150239409   8441-9101     1-262177    9.57      0.25     0.0    1.73       1.35       0.0         0.61       0.77      0.0         1.34     12.71     0.63      1.0     5.93     0.25     0.0       0.0        0.0        1237662196150239409  
  1237665530635419683   8443-6102     1-422969    10.54     0.27     0.18   1.63       2.36       2.51        0.97       1.08      1.18        1.0      67.78     0.94      0.47    18.9     0.55     1.25      2.85       0.93       1237665530635419683  
  1237665024911016013   8444-12703    1-422040    10.84     0.07     0.07   1.7        2.05       1.78        0.72       1.19      1.26        1.0      30.43     0.82      0.1     12.53    0.23     7.28      2.81       0.64       1237665024911016013  
  1237667736649138379   8448-6104     1-487383    9.1       0.08     0.0    1.22       0.99       0.0         0.46       0.44      0.0         1.0      19.44     0.61      1.75    4.1      0.29     0.0       0.0        0.0        1237667736649138379  
  1237667783901380705   8449-12701    1-488469    9.04      0.11     0.0    1.31       1.77       0.0         0.54       0.62      0.0         1.0      24.77     0.74      0.84    11.5     0.12     0.0       0.0        0.0        1237667783901380705  
  1237667549809999931   8449-3703     1-488712    9.48      0.43     0.0    1.19       0.87       0.0         0.44       0.1       0.0         1.72     9.63      0.84      1.0     6.23     0.53     0.0       0.0        0.0        1237667549809999931  
  1237667733966487677   8450-12705    1-489642    11.16     0.25     0.16   2.15       2.71       2.83        1.02       1.24      1.2         1.0      39.54     0.61      0.72    21.74    0.36     1.26      3.01       0.76       1237667733966487677  
  1237661872933830776   8451-12703    1-255897    9.39      0.14     0.0    1.22       1.48       0.0         0.41       0.76      0.0         1.0      15.27     0.76      0.98    7.61     0.2      0.0       0.0        0.0        1237661872933830776  
  1237658204501311631   8456-12701    1-167167    9.53      0.09     0.0    1.47       1.41       0.0         0.57       0.61      0.0         1.0      42.37     0.98      1.11    6.08     0.33     0.0       0.0        0.0        1237658204501311631  
  1237657627908505692   8456-12704    1-167337    9.48      0.1      0.0    1.61       1.61       0.0         0.68       0.77      0.0         1.0      29.19     0.8       1.33    15.11    0.16     0.0       0.0        0.0        1237657627908505692  
  1237658203962540185   8461-9102     1-166703    9.05      0.05     0.0    1.92       1.08       0.0         0.92       0.42      0.0         1.0      18.79     0.89      0.14    12.32    0.18     0.0       0.0        0.0        1237658203962540185  
  1237661434848477202   8465-12701    1-284428    10.06     0.09     0.0    1.52       1.38       0.0         0.68       0.82      0.0         1.0      24.81     0.97      1.29    7.86     0.23     0.0       0.0        0.0        1237661434848477202  
  1237661435386003537   8465-12705    1-285004    10.81     0.22     0.0    2.23       2.23       0.0         1.05       1.18      0.0         1.0      32.13     0.58      1.38    4.85     0.6      0.0       0.0        0.0        1237661435386003537  
  1237651250977112216   8482-1902     1-92547     10.88     0.15     0.26   2.38       2.8        2.33        1.11       1.17      1.27        1.0      18.54     0.54      0.1     13.05    0.27     1.37      2.18       0.63       1237651250977112216  
  1237651251513721047   8482-9102     1-92744     10.87     0.13     0.12   2.35       3.22       2.71        1.09       1.25      1.23        1.0      17.76     0.44      0.34    8.43     0.33     0.71      1.26       0.77       1237651251513721047  
  1237651715334471915   8483-12705    1-93466     9.35      0.09     0.0    1.67       1.48       0.0         0.65       0.67      0.0         1.0      14.72     0.74      0.85    7.61     0.11     0.0       0.0        0.0        1237651715334471915  
  1237659330311159994   8486-6101     1-209428    10.69     0.26     0.0    1.9        1.98       0.0         0.91       0.94      0.0         1.0      13.04     0.8       0.51    6.51     0.36     0.0       0.0        0.0        1237659330311159994  
  1237651250977243258   8548-1902     1-92519     9.1       0.74     0.0    0.69       1.84       0.0         -0.02      0.75      0.0         1.0      11.77     0.34      1.66    8.48     0.82     0.0       0.0        0.0        1237651250977243258  
  1237655129837863132   8548-6102     1-93236     10.32     0.2      0.0    1.42       -127.74    0.0         0.52       88.28     0.0         1.0      10.46     0.93      0.1     7.86     0.29     0.0       0.0        0.0        1237655129837863132  
  1237659327099502845   8549-6103     1-134293    9.49      0.12     0.0    1.21       1.27       0.0         0.44       0.68      0.0         1.0      18.67     0.68      0.24    9.02     0.2      0.0       0.0        0.0        1237659327099502845  
  1237655373573193869   8550-12703    1-135054    10.57     0.07     0.08   2.0        2.35       1.36        0.95       1.13      0.94        1.0      23.27     0.92      0.16    17.34    0.22     1.0       1.14       0.62       1237655373573193869  
  1237655130373161135   8563-12705    1-92763     11.16     0.05     0.05   1.82       5.57       3.92        0.85       1.6       1.51        1.0      34.11     0.75      0.1     28.12    0.13     0.73      2.13       0.63       1237655130373161135  
  1237655465930588299   8564-12704    1-134195    11.07     0.12     0.21   2.17       2.75       2.69        1.02       1.15      1.24        1.0      39.31     0.93      0.37    15.11    0.41     0.96      2.33       0.96       1237655465930588299  
  1237671767461331011   8589-12705    1-631857    10.97     0.02     0.07   1.88       7.86       3.12        0.93       3.25      1.35        1.0      45.87     0.9       1.1     28.02    0.12     0.69      2.69       0.92       1237671767461331011  
  1237659326022615342   8596-12704    1-208985    10.79     0.32     0.1    1.58       2.59       2.65        0.68       1.17      1.29        1.0      41.89     0.76      0.66    16.71    0.5      0.96      2.31       0.78       1237659326022615342  
  1237659163880915192   8596-12705    1-247324    9.41      0.15     0.0    1.54       1.61       0.0         0.57       0.84      0.0         1.0      27.12     0.39      0.6     5.99     0.32     0.0       0.0        0.0        1237659163880915192  
  1237659133284712550   8597-12702    1-198153    11.02     0.13     0.07   2.15       3.23       2.92        1.01       1.39      1.46        1.0      41.1      0.41      0.36    13.64    0.4      0.86      1.64       0.86       1237659133284712550  
  1237661416605941822   8597-12703    1-246549    10.69     0.07     0.07   1.92       8.83       2.88        0.89       1.81      1.31        1.0      32.51     0.74      0.38    18.6     0.17     0.8       2.44       0.77       1237661416605941822  
  1237659326565253410   8600-12701    1-210667    10.13     0.12     0.12   1.8        2.18       2.01        0.78       1.02      1.04        1.0      46.86     0.71      0.25    27.36    0.24     1.5       2.38       0.76       1237659326565253410  
  1237659330850980063   8600-12704    1-210631    9.88      0.36     0.0    1.56       1.41       0.0         0.65       0.63      0.0         0.26     23.16     0.75      1.0     16.67    0.22     0.0       0.0        0.0        1237659330850980063  
  1237659326566236446   8602-12705    1-211074    10.83     0.11     0.11   1.58       8.38       2.65        0.51       2.08      1.2         1.0      71.31     0.76      0.59    22.14    0.27     1.31      3.32       0.92       1237659326566236446  
  1237659329778876577   8602-3701     1-211264    10.31     0.15     0.11   3.72       1.32       2.25        0.85       1.19      1.19        1.0      15.2      0.61      0.42    9.71     0.31     0.11      0.85       0.76       1237659329778876577  
  1237659329778614376   8603-12702    1-211227    10.58     0.14     0.19   2.42       2.51       2.51        1.03       1.11      1.11        1.0      34.58     0.93      0.54    14.09    0.33     1.17      2.03       0.91       1237659329778614376  
  1237656569185305092   8623-9101     1-178698    9.12      0.11     0.0    1.84       1.43       0.0         0.75       0.66      0.0         1.0      26.83     0.82      0.93    12.07    0.32     0.0       0.0        0.0        1237656569185305092  
  1237651226246185083   8625-12703    1-24161     10.96     0.12     0.06   2.06       3.25       2.65        1.04       1.46      1.29        1.0      50.5      0.37      0.47    8.53     0.52     0.67      2.53       0.66       1237651226246185083  
  1237659896710889888   8626-6104     1-24416     10.73     0.14     0.13   2.21       2.77       2.88        1.06       1.21      1.37        1.0      23.36     0.57      0.31    12.37    0.28     0.62      3.13       0.64       1237659896710889888  
  1237663479794565234   8652-12703    1-26406     11.11     0.27     0.1    1.83       2.06       2.53        0.91       0.93      1.35        1.0      40.85     0.72      0.43    22.71    0.35     0.74      2.34       0.67       1237663479794565234  
  1237666407366525124   8654-12702    1-29571     9.58      0.04     0.0    1.39       14.64      0.0         0.62       1.17      0.0         1.0      25.29     0.98      2.28    12.66    0.14     0.0       0.0        0.0        1237666407366525124  
  1237657191446216734   8657-6101     1-31788     11.0      0.35     0.31   2.31       2.22       1.79        1.09       1.01      0.97        1.0      62.18     0.95      0.56    30.39    0.43     0.97      4.56       0.85       1237657191446216734  
  1237663916802834756   8711-3704     1-379209    9.8       0.28     0.0    1.73       0.75       0.0         0.71       0.41      0.0         1.0      9.83      0.83      0.69    4.61     0.24     0.0       0.0        0.0        1237663916802834756  
  1237663917877887375   8712-12704    1-379708    11.06     0.54     0.2    1.74       2.49       2.8         0.8        1.14      1.35        0.13     91.59     0.67      1.0     36.18    0.5      1.34      4.14       0.9        1237663917877887375  
  1237654654171152624   8717-9101     1-71525     10.83     0.11     0.06   1.68       20.81      16.29       0.79       1.65      1.66        1.0      20.45     0.89      0.47    14.43    0.23     0.41      2.25       0.56       1237654654171152624  
  1237651191890968816   8718-12703    1-45126     9.33      0.17     0.0    1.46       1.13       0.0         0.53       0.61      0.0         1.0      20.24     0.62      1.31    7.81     0.29     0.0       0.0        0.0        1237651191890968816  
  1237663529721069583   8720-1902     1-351702    9.33      0.28     0.0    1.68       1.45       0.0         0.78       0.7       0.0         1.0      9.64      0.75      0.7     3.78     0.45     0.0       0.0        0.0        1237663529721069583  
  1237660936091402329   8721-6103     1-55572     11.02     0.16     0.16   2.15       2.93       2.7         1.0        1.24      1.3         1.0      25.16     0.84      1.34    9.95     0.35     0.88      1.94       0.9        1237660936091402329  
  1237651272424685655   8723-12705    1-46819     10.91     0.03     0.04   1.95       3.63       4.2         0.93       1.36      1.65        1.0      33.3      0.79      0.42    24.67    0.11     0.61      2.27       0.67       1237651272424685655  
  1237667323260043393   8931-12702    1-622911    10.09     0.08     0.04   1.52       2.99       1.63        0.69       1.18      0.96        1.0      36.44     0.62      0.1     18.51    0.15     0.56      1.89       0.41       1237667323260043393  
  1237667443511656567   8931-12704    1-456341    10.47     0.08     0.15   2.24       2.61       2.47        1.05       1.05      1.14        1.0      27.4      0.68      0.22    14.15    0.24     1.31      2.54       0.73       1237667443511656567  
  1237667442974195941   8931-9101     1-455633    10.27     0.29     0.08   2.07       2.52       2.65        0.95       1.06      1.5         1.0      29.98     0.82      0.69    15.15    0.33     0.98      2.21       0.52       1237667442974195941  
  1237661125612077126   8939-12703    1-298868    10.91     0.06     0.1    2.15       3.01       2.56        1.0        1.31      1.24        1.0      53.5      0.86      0.39    12.25    0.37     1.18      3.56       0.77       1237661125612077126  
  1237657878077702182   8940-12702    1-163966    10.95     0.26     0.16   1.9        2.19       2.43        0.91       1.06      1.1         1.0      35.71     0.81      0.41    16.67    0.41     1.07      2.64       0.86       1237657878077702182  
  1237660765908893968   8942-12702    1-218280    10.75     0.04     0.1    1.74       -1.39      2.77        0.76       11.81     1.15        1.0      48.94     0.81      0.3     11.6     0.26     0.91      2.48       0.76       1237660765908893968  
  1237664668433186898   8944-9102     1-390277    9.24      0.13     0.0    1.16       1.65       0.0         0.42       0.76      0.0         1.0      21.67     0.74      1.06    5.06     0.47     0.0       0.0        0.0        1237664668433186898  
  1237661358077378732   8945-12701    1-588617    9.94      0.08     0.0    1.19       2.04       0.0         0.43       0.94      0.0         1.0      26.62     0.91      1.82    8.15     0.11     0.0       0.0        0.0        1237661358077378732  
  1237660636537815075   8945-6104     1-279675    10.91     0.18     0.14   2.3        2.62       2.51        1.02       1.25      1.17        1.0      60.87     0.97      0.7     15.31    0.44     1.62      3.66       0.98       1237660636537815075  
  1237657856070582347   8947-12704    1-149147    10.8      0.21     0.12   1.81       2.44       2.63        0.9        1.07      1.23        1.0      33.3      0.91      0.77    15.57    0.42     1.34      2.06       0.83       1237657856070582347  
  1237657855532990497   8947-9101     1-149200    10.91     0.16     0.1    1.59       1.85       1.99        0.69       0.96      1.18        1.0      25.69     0.89      0.46    12.42    0.38     0.12      1.27       0.85       1237657855532990497  
  1237657595147583774   8977-12705    1-153246    8.86      0.22     0.0    1.66       1.37       0.0         0.58       0.61      0.0         1.0      25.26     0.9       0.69    12.87    0.3      0.0       0.0        0.0        1237657595147583774  
  1237655129840484534   8978-6103     1-94422     10.61     0.08     0.12   2.08       3.17       2.76        0.97       1.45      1.26        1.0      23.83     0.85      0.51    7.54     0.31     0.63      1.76       0.85       1237655129840484534  
  1237655473430855875   8978-9101     1-135044    10.72     0.1      0.08   1.8        3.79       2.74        0.8        1.35      1.34        1.0      23.97     0.88      0.42    12.33    0.27     0.72      2.66       0.57       1237655473430855875  
  1237665026516058209   8981-6101     1-401864    10.82     0.21     0.08   1.85       2.22       3.5         0.9        1.08      1.4         1.0      24.15     0.65      0.5     11.07    0.3      1.06      1.88       0.69       1237665026516058209  
  1237665427556401223   8982-12703    1-395528    9.28      0.04     0.0    1.32       1.94       0.0         0.61       0.89      0.0         1.0      35.66     0.75      0.12    5.97     0.25     0.0       0.0        0.0        1237665427556401223  
  1237657629506208223   8986-6104     1-146352    9.54      0.13     0.0    1.13       0.82       0.0         0.34       0.35      0.0         1.0      18.54     0.71      1.22    5.41     0.28     0.0       0.0        0.0        1237657629506208223  
  1237664667890548930   8987-12702    1-386453    9.6       0.09     0.0    1.44       1.63       0.0         0.59       0.79      0.0         1.0      33.7      0.63      1.08    14.58    0.15     0.0       0.0        0.0        1237664667890548930  
  1237664668445835365   8988-12705    1-397639    9.61      0.16     0.0    1.36       2.73       0.0         0.56       1.32      0.0         1.0      31.09     0.86      1.46    15.75    0.4      0.0       0.0        0.0        1237664668445835365  
  1237657856607977524   8992-12703    1-149887    9.88      0.02     0.01   1.77       2.06       5.98        0.75       8.04      1.22        1.0      35.36     0.93      0.1     13.39    0.24     0.9       2.41       0.57       1237657856607977524  
  1237657856607649901   8992-3702     1-149561    10.17     0.15     0.14   1.91       2.88       2.39        0.87       1.1       1.27        1.0      15.34     0.75      0.12    9.83     0.26     0.75      1.6        0.66       1237657856607649901  
  1237657628451930171   8992-6101     1-149536    10.6      0.23     0.15   1.8        2.22       2.15        0.82       1.09      1.09        1.0      29.76     0.68      0.33    10.14    0.42     1.0       1.05       0.87       1237657628451930171  
  1237660635998126180   8993-12701    1-612080    11.09     0.1      0.03   1.92       3.93       2.96        0.92       1.54      1.48        1.0      90.37     0.44      0.66    24.1     0.32     0.79      3.4        0.62       1237660635998126180  
  1237657629523181718   8994-6101     1-148754    9.7       0.03     0.0    1.69       2.02       0.0         0.76       1.26      0.0         1.0      20.58     0.85      0.83    10.58    0.13     0.0       0.0        0.0        1237657629523181718  
  1237662474769203459   9025-1902     1-324033    10.3      0.06     0.04   1.74       2.4        1.8         0.75       1.58      1.43        1.0      14.95     0.93      0.57    8.69     0.15     0.14      0.98       0.51       1237662474769203459  
  1237671934428381309   9026-9101     1-94784     10.84     0.23     0.13   1.98       2.33       2.72        0.91       0.87      1.15        1.0      30.98     0.94      1.13    14.8     0.35     1.26      1.7        0.93       1237671934428381309  
  1237661464915935426   9028-12702    1-633759    10.72     0.07     0.07   2.03       5.37       2.8         0.95       1.53      1.31        1.0      28.15     0.7       0.13    17.43    0.21     0.86      1.71       0.7        1237661464915935426  
  1237662336792199206   9032-12701    1-268479    10.97     0.15     0.14   1.88       3.61       2.67        0.84       1.43      1.31        1.0      27.36     0.89      0.64    13.18    0.29     1.28      2.03       0.81       1237662336792199206  
  1237659119327117329   9034-12705    1-198664    10.08     0.32     0.23   2.05       2.2        2.37        1.02       0.99      1.33        1.0      37.13     0.55      0.47    16.46    0.53     2.98      6.48       0.71       1237659119327117329  
  1237661387075748084   9035-12701    1-247727    9.6       0.25     0.0    1.27       0.75       0.0         0.44       0.37      0.0         1.0      17.38     0.7       0.76    8.65     0.28     0.0       0.0        0.0        1237661387075748084  
  1237659162272661773   9035-12705    1-247739    9.36      0.14     0.0    1.31       1.69       0.0         0.49       0.72      0.0         1.0      18.13     0.93      1.17    6.79     0.32     0.0       0.0        0.0        1237659162272661773  
  1237659133288513666   9037-9101     1-199432    9.01      0.07     0.0    2.08       0.05       0.0         0.79       -0.31     0.0         1.0      18.89     0.74      1.8     8.88     0.26     0.0       0.0        0.0        1237659133288513666  
  1237662663214825548   9042-12703    1-316872    10.81     0.14     0.13   2.07       3.01       2.12        1.02       1.47      1.16        1.0      27.97     0.7       0.38    17.32    0.29     0.83      2.33       0.63       1237662663214825548  
  1237662336259064245   9047-12703    1-269638    11.15     0.08     0.11   2.09       3.98       3.06        1.02       1.35      1.33        1.0      28.02     0.63      0.19    19.98    0.19     0.71      2.17       0.73       1237662336259064245  
  1237662341088542972   9048-12704    1-295955    9.5       0.05     0.0    1.35       2.91       0.0         0.57       1.21      0.0         1.0      22.36     0.87      0.16    4.83     0.3      0.0       0.0        0.0        1237662341088542972  
  1237662666426286469   9049-3704     1-295155    9.12      0.52     0.0    1.78       1.51       0.0         0.75       0.76      0.0         2.9      12.26     0.75      1.0     7.95     0.53     0.0       0.0        0.0        1237662666426286469  
  1237662664291582035   9088-12702    1-265589    11.34     0.07     0.06   2.23       4.38       2.86        1.1        1.37      1.48        1.0      32.51     0.93      0.88    17.6     0.19     0.96      2.3        0.79       1237662664291582035  
  1237662225163354211   9095-1901     1-317822    10.59     0.56     0.31   3.3        2.12       1.6         0.76       1.03      0.85        0.13     45.92     0.87      1.0     16.04    0.49     0.81      1.67       0.92       1237662225163354211  
  1237674288608378998   9184-3702     1-153086    10.4      0.46     0.17   2.27       2.39       2.74        1.05       1.08      1.28        1.0      51.73     0.58      1.48    13.34    0.43     1.81      1.6        0.8        1237674288608378998  
  1237655473436819679   9186-6101     1-178095    11.09     0.1      0.1    2.13       3.75       2.68        1.01       1.34      1.32        1.0      30.11     0.67      0.55    7.86     0.45     1.17      1.69       0.87       1237655473436819679  
  1237663543675519472   9191-12701    1-179062    11.33     0.1      0.15   2.43       2.97       2.64        1.07       1.54      1.31        1.0      29.78     0.98      0.19    15.74    0.38     1.07      3.06       0.91       1237663543675519472  
  1237666300017049830   9193-3702     1-37813     9.91      0.12     0.28   2.11       2.59       2.46        0.98       1.1       1.1         1.0      15.5      0.47      0.13    10.37    0.23     2.53      4.14       0.64       1237666300017049830  
  1237674367530762513   9484-12703    1-153300    10.68     0.07     0.07   2.04       3.34       2.73        0.93       1.46      1.32        1.0      26.55     0.88      0.26    18.61    0.17     0.54      3.36       0.6        1237674367530762513  
  1237654390566748171   9486-12702    1-72207     10.74     0.03     0.01   1.78       -36.32     1.7         0.77       30.58     1.23        1.0      37.18     0.77      0.65    26.31    0.11     0.11      1.56       0.84       1237654390566748171  
  1237651192428232892   9487-12701    1-44618     10.55     0.05     0.05   1.78       1.84       2.06        0.73       9.6       1.12        1.0      37.23     0.82      0.56    15.33    0.23     0.74      1.74       0.89       1237651192428232892  
  1237654392179261570   9487-3704     1-44974     9.46      0.07     0.0    1.29       0.88       0.0         0.48       0.63      0.0         1.0      14.03     0.65      1.22    4.75     0.18     0.0       0.0        0.0        1237654392179261570  
  1237673808657186983   9489-3703     1-605216    9.38      0.3      0.0    1.45       1.1        0.0         0.46       0.3       0.0         1.0      15.49     0.91      1.11    5.47     0.54     0.0       0.0        0.0        1237673808657186983  
  1237664092894855555   9490-12702    1-382980    9.74      0.08     0.0    1.44       1.27       0.0         0.59       0.5       0.0         1.0      17.05     0.95      0.41    9.14     0.22     0.0       0.0        0.0        1237664092894855555  
  1237674370750939721   9492-6101     1-382326    10.37     0.07     0.1    1.96       2.83       2.97        0.9        1.28      1.31        1.0      16.38     0.87      0.38    13.13    0.21     0.6       1.95       0.77       1237674370750939721  
  1237664836995908043   9492-9102     1-382306    9.33      0.07     0.0    1.74       1.65       0.0         0.81       0.81      0.0         1.0      18.07     0.86      1.07    10.83    0.13     0.0       0.0        0.0        1237664836995908043  
  1237661125072257358   9496-12704    1-298273    10.46     0.08     0.0    1.98       3.12       0.0         0.93       1.55      0.0         1.0      23.08     0.9       1.6     10.59    0.16     0.0       0.0        0.0        1237661125072257358  
  1237660958105010490   9497-3703     1-229673    10.51     0.53     0.0    1.68       2.19       0.0         0.67       1.25      0.0         1.0      15.09     0.37      0.89    4.7      0.58     0.0       0.0        0.0        1237660958105010490  
  1237664091829240031   9505-12704    1-387161    9.54      0.06     0.0    1.58       1.35       0.0         0.72       0.58      0.0         1.0      33.29     0.7       1.49    4.67     0.25     0.0       0.0        0.0        1237664091829240031  
  1237661124539384041   9507-12702    1-299013    10.9      0.07     0.07   1.88       3.68       3.17        0.84       1.7       1.61        1.0      19.57     0.8       0.27    8.58     0.18     0.1       1.52       0.66       1237661124539384041  
  1237658300058107973   9511-12703    1-213614    9.79      0.11     0.0    1.4        2.1        0.0         0.56       0.92      0.0         1.0      38.59     0.64      0.64    5.98     0.53     0.0       0.0        0.0        1237658300058107973  
  1237661416068087936   9867-12704    1-197842    10.42     0.26     0.0    1.37       3.17       0.0         0.58       1.35      0.0         1.0      41.86     0.57      1.54    10.83    0.59     0.0       0.0        0.0        1237661416068087936  
  1237659133287923957   9870-9101     1-199368    10.9      0.06     0.08   1.9        2.99       3.0         0.91       1.22      1.31        1.0      23.16     0.84      0.33    12.15    0.21     0.87      1.6        0.69       1237659133287923957  
  1237658205061972048   9871-12702    1-593698    11.31     0.06     0.07   2.21       7.48       3.03        1.06       1.51      1.45        1.0      50.19     0.59      0.52    32.1     0.16     1.04      3.49       0.69       1237658205061972048  
  1237667443511656599   9873-3701     1-456568    9.65      0.06     0.03   2.34       2.45       1.68        1.03       1.05      1.19        1.0      13.89     0.9       0.35    8.26     0.22     0.64      1.71       0.36       1237667443511656599  
  1237667444585791491   9876-6101     1-623893    9.81      0.19     0.0    1.58       0.84       0.0         0.59       0.44      0.0         1.0      16.81     0.91      0.95    8.74     0.3      0.0       0.0        0.0        1237667444585791491  
  1237667324334964901   9876-9102     1-457147    10.29     0.09     0.11   2.22       2.43       2.44        0.98       1.12      1.04        1.0      22.6      0.57      0.18    15.34    0.19     4.83      3.33       0.43       1237667324334964901  
  1237667324335882319   9879-12702    1-457427    11.15     0.08     0.09   2.15       9.91       2.68        1.04       1.52      1.44        1.0      65.09     0.64      0.29    34.17    0.27     1.2       4.89       0.7        1237667324335882319  
  1237665427554566291   9879-6101     1-401640    8.99      0.08     0.0    1.54       1.72       0.0         0.68       0.56      0.0         1.0      22.16     0.76      0.44    12.81    0.22     0.0       0.0        0.0        1237665427554566291  
  1237667322724810814   9879-6102     1-457054    10.68     0.25     0.08   1.58       2.31       1.32        0.73       1.16      1.05        1.0      27.39     0.76      0.61    14.95    0.37     1.14      1.54       0.88       1237667322724810814  
  1237665565529538595   9881-12705    1-523085    10.82     0.13     0.08   1.88       2.51       1.95        0.93       1.24      1.14        1.0      34.17     0.72      0.19    25.28    0.18     1.56      1.47       0.48       1237665565529538595  
  1237667911138803853   9882-6102     1-523039    9.25      0.07     0.0    1.59       1.48       0.0         0.62       0.82      0.0         1.0      18.0      0.95      0.62    6.52     0.16     0.0       0.0        0.0        1237667911138803853  
  1237664853116780599   9886-12705    1-633344    10.65     0.04     0.03   1.64       8.19       1.76        0.74       2.19      1.0         1.0      43.69     0.61      0.19    13.18    0.22     0.68      1.52       0.65       1237664853116780599  
  1237661386012951041   9893-6104     1-326102    9.51      0.12     0.0    1.77       1.47       0.0         0.69       0.93      0.0         1.0      11.59     0.57      0.4     4.68     0.21     0.0       0.0        0.0        1237661386012951041  
  1237662664295449153   9894-12701    1-294489    9.33      0.21     0.0    1.37       1.86       0.0         0.37       0.88      0.0         1.0      26.81     0.99      1.56    12.96    0.31     0.0       0.0        0.0        1237662664295449153  
