# SDSS_dr8objid       plateifu    mangaid  logMass Bar/Ti B/Ti u-r-disc u-r-bar u-r-bulge g-i-disc g-i-bar g-i-bulge n-disc re-disc ba-disc n-bar re-bar ba-bar n-bulge re-bulge ba-bulge
  1237651272963326121 10001-1902  1-48201  10.44   0.13   0.31 2.65     2.27    2.65      1.21     1.14    1.19      1.0    20.7    0.8     0.62  9.1    0.33   0.95    2.37     0.87    
  1237651273500327989 10001-6103  1-48208  10.86   0.17   0.2  2.25     2.82    2.7       1.15     1.14    1.25      1.0    27.88   0.89    0.34  10.18  0.56   1.03    1.85     0.95    
  1237657595686355278 10215-3704  1-153589 10.85   0.16   0.18 2.49     2.98    2.04      1.14     1.33    1.21      1.0    14.5    0.84    0.45  5.76   0.42   0.89    1.62     0.88    
  1237664874576937381 10216-6101  1-412105 10.76   0.21   0.12 2.28     2.15    2.19      1.05     1.13    1.04      1.0    22.0    0.75    0.56  8.45   0.53   0.91    1.39     0.83    
  1237664835384771068 10217-6103  1-412058 10.42   0.27   0.13 2.14     1.85    1.28      0.96     0.94    0.91      1.0    13.39   0.92    0.3   9.62   0.32   0.12    0.82     0.76    
  1237661086956519751 10221-6104  1-298693 10.42   0.15   0.11 2.22     2.36    2.57      1.02     0.89    1.28      1.0    20.21   0.69    0.1   14.52  0.22   1.01    1.53     0.63    
  1237657596225650925 10496-1902  1-122783 10.94   0.16   0.17 2.62     2.51    2.59      1.13     1.1     1.5       1.0    20.37   0.88    0.38  9.42   0.36   0.81    1.96     0.92    
  1237661124540760275 10498-6104  1-385828 10.71   0.27   0.12 2.5      1.76    4.7       1.05     1.05    1.57      1.0    12.66   0.7     0.55  7.61   0.35   0.6     1.37     0.91    
  1237661126153142371 10501-1902  1-300238 10.51   0.21   0.29 1.76     2.28    1.63      0.8      1.23    0.9       1.0    18.65   0.78    0.39  6.25   0.41   0.68    1.09     0.81    
  1237650795680628773 10513-1902  1-54240  10.32   0.13   0.33 2.42     2.18    2.85      1.12     1.03    1.37      1.0    16.47   0.78    0.58  7.64   0.43   0.85    2.3      0.85    
  1237654599952957574 10516-12701 1-60653  10.52   0.64   0.21 8.41     2.07    1.59      0.91     1.02    1.02      0.1    66.83   0.83    1.0   26.01  0.58   1.29    2.14     0.9     
  1237658298458243083 10518-9102  1-182839 10.43   0.11   0.18 1.87     3.92    2.57      0.82     1.54    1.26      1.0    27.13   0.7     0.23  15.18  0.21   1.13    2.77     0.64    
  1237654602103455749 10520-1902  1-79648  10.26   0.12   0.38 2.43     2.18    2.55      1.1      1.04    1.2       1.0    16.24   0.95    0.34  12.37  0.33   1.24    2.64     0.81    
  1237667442974720162 11006-6102  1-591101 10.39   0.36   0.27 2.56     2.28    2.79      1.22     1.06    1.29      1.18   41.56   0.81    1.0   17.87  0.5    1.72    2.71     0.88    
  1237665441516028062 11015-12703 1-404401 9.96    0.2    0.16 2.17     2.44    2.49      1.02     1.17    1.09      1.0    14.7    0.71    0.44  5.39   0.43   0.73    1.08     0.76    
  1237667324334374981 11015-6102  1-456847 10.4    0.24   0.21 2.34     2.44    2.62      1.06     1.11    1.33      1.0    16.95   0.82    0.57  6.26   0.49   1.16    1.69     0.82    
  1237662303507906686 11016-6104  1-320543 10.56   0.19   0.16 2.16     2.9     2.62      1.12     1.13    1.14      1.0    13.38   0.96    0.53  6.68   0.31   0.68    1.37     0.82    
  1237658917459722257 11021-1901  1-195854 10.73   0.22   0.25 2.32     2.43    2.61      1.05     1.07    1.19      1.0    23.56   0.8     0.42  10.02  0.41   1.2     1.99     0.85    
  1237667211575427731 11743-3704  1-458609 10.35   0.24   0.19 2.34     2.29    2.88      1.11     1.02    1.35      1.0    13.45   0.97    0.89  4.4    0.52   0.77    1.29     0.87    
  1237653664714129811 11754-6104  1-53025  11.15   0.18   0.1  2.14     2.61    2.97      0.99     1.23    1.29      1.0    17.94   0.68    0.86  11.02  0.34   0.42    1.8      0.78    
  1237662194526847061 11755-1902  1-282449 11.21   0.22   0.07 2.26     2.81    2.99      1.02     1.23    1.34      1.0    22.23   0.97    0.62  11.44  0.32   0.91    1.95     0.73    
  1237655468597182871 11834-3703  1-70391  10.17   0.23   0.22 2.32     2.57    2.64      1.03     1.17    1.13      1.0    13.14   0.67    0.21  7.87   0.3    0.61    1.48     0.56    
  1237648722291589229 11836-3702  1-1278   10.39   0.3    0.2  2.26     2.32    2.25      1.04     1.07    1.1       1.0    17.72   0.72    0.66  7.01   0.5    0.66    1.37     0.66    
  1237654669200916680 11838-3701  1-1747   10.81   0.17   0.13 1.85     2.3     2.57      0.83     1.25    1.77      1.0    9.26    0.89    0.23  3.94   0.4    0.58    1.48     0.69    
  1237661464382079348 11868-12703 1-269966 10.99   0.09   0.1  1.85     3.04    3.01      0.84     1.41    1.48      1.0    40.95   0.78    0.2   25.35  0.17   1.2     2.3      0.92    
  1237661463309320578 11868-9102  1-294858 9.47    0.28   0.0  2.29     1.41    0.0       0.96     0.62    0.0       1.0    14.21   0.75    0.88  6.13   0.25   0.0     0.0      0.0     
  1237655472357179588 11941-3703  1-135169 10.59   0.12   0.2  2.42     2.69    2.64      1.13     1.16    1.25      1.0    18.11   0.84    0.48  8.95   0.34   0.92    2.01     0.88    
  1237659327102779805 11941-3704  1-135556 9.74    0.14   0.11 2.29     2.37    2.4       1.08     1.13    1.01      1.0    14.76   0.85    0.37  6.3    0.45   0.81    2.2      0.66    
  1237655471823126651 11947-3702  1-211368 10.79   0.18   0.16 2.02     2.57    2.56      0.99     1.08    1.35      1.0    23.28   0.7     0.5   7.04   0.47   1.13    2.04     0.74    
  1237655374113931769 11949-12705 1-176385 10.84   0.1    0.24 2.64     2.15    2.68      1.1      1.16    1.21      1.0    18.55   0.6     0.13  7.94   0.34   1.17    1.51     0.69    
  1237661386011705789 11952-12703 1-325658 10.4    0.17   0.1  2.26     1.48    5.79      1.07     0.85    1.39      1.0    32.04   0.55    0.47  4.06   0.9    1.12    1.64     0.71    
  1237662200433344746 11963-1902  1-335507 10.66   0.14   0.12 2.27     2.66    2.56      1.07     1.15    1.14      1.0    28.29   0.9     0.65  12.8   0.26   0.78    2.5      0.9     
  1237661949201744158 11963-6101  1-335823 10.18   0.14   0.2  2.17     2.37    2.51      0.96     1.23    1.23      1.0    12.84   0.96    0.52  7.18   0.2    0.5     1.67     0.87    
  1237661949737435515 11965-6102  1-335376 10.76   0.2    0.28 2.43     2.66    2.54      1.11     1.15    1.19      1.0    30.79   0.88    0.43  19.31  0.34   1.69    4.24     0.86    
  1237666339189882975 12074-6104  1-33758  10.1    0.13   0.07 2.24     2.33    2.41      1.04     1.02    1.04      1.0    19.53   0.79    0.49  6.87   0.37   0.52    1.68     0.83    
  1237663204923277444 12075-12703 1-34149  9.67    0.18   0.0  2.11     2.06    0.0       1.01     1.14    0.0       1.0    14.18   0.58    0.41  6.64   0.3    0.0     0.0      0.0     
  1237664092365717523 12487-6101  1-386733 10.91   0.22   0.15 2.01     2.26    2.51      0.93     0.9     1.09      1.0    24.86   0.94    0.9   8.77   0.46   0.74    1.73     0.82    
  1237664668965404689 12487-6104  1-386954 10.59   0.15   0.23 2.18     2.35    2.91      1.06     1.02    1.37      1.0    34.02   0.98    0.39  9.96   0.49   1.03    2.84     0.99    
  1237651755079434394 12490-3704  1-62475  10.28   0.18   0.23 2.1      2.32    2.01      0.9      1.19    1.12      1.0    12.33   0.85    0.68  5.68   0.29   1.0     1.52     0.67    
  1237665226237739180 12620-9102  1-421128 10.12   0.28   0.14 2.37     2.35    1.64      1.0      1.23    0.9       0.74   26.41   0.74    1.0   18.23  0.36   1.47    1.58     0.93    
  1237665227848744967 12622-1902  1-420769 9.93    0.24   0.3  2.27     1.61    1.89      0.95     0.77    1.1       1.0    15.26   0.76    0.27  6.6    0.47   5.99    1.24     0.49    
  1237655472357441665 12673-9102  1-135104 10.37   0.32   0.16 1.73     2.67    2.19      0.87     1.1     1.22      1.0    29.05   0.96    0.53  17.63  0.5    1.19    1.93     0.8     
  1237666338651766883 12772-3704  1-33039  9.65    0.19   0.1  2.22     2.16    2.29      1.05     0.85    0.92      1.0    16.95   0.84    0.83  8.74   0.5    0.67    1.47     0.96    
  1237655504034201663 7957-1901   1-634477 9.96    0.09   0.44 2.57     2.17    2.47      1.04     0.86    1.22      1.0    25.55   0.4     0.2   7.64   0.48   2.25    4.22     0.81    
  1237663457238844107 7964-6103   1-179135 10.41   0.36   0.0  2.25     2.22    0.0       1.01     0.92    0.0       1.0    14.09   0.9     2.07  3.5    0.53   0.0     0.0      0.0     
  1237663917335183755 8133-3701   1-377686 10.25   0.21   0.11 1.95     2.43    3.13      0.9      1.06    1.76      1.0    9.49    0.72    0.44  5.91   0.36   0.3     0.95     0.83    
  1237663787415437700 8134-6102   1-378148 10.95   0.15   0.2  2.38     2.74    2.72      1.16     1.24    1.33      1.0    34.95   0.66    0.34  12.93  0.4    1.14    2.61     0.84    
  1237651497367830832 8141-3703   1-339057 11.03   0.14   0.16 2.59     2.63    2.7       1.17     1.23    1.26      1.0    17.66   0.89    0.44  8.31   0.32   0.82    1.84     0.9     
  1237654389487829005 8144-1901   1-121035 10.37   0.1    0.39 2.48     2.5     2.56      1.15     1.04    1.25      1.0    19.21   0.67    0.4   10.45  0.34   0.87    2.38     0.83    
  1237657629505355824 8147-3704   1-146046 10.65   0.25   0.16 2.32     2.39    2.88      1.08     1.1     1.3       1.0    22.0    0.88    0.88  8.0    0.51   1.32    1.45     0.77    
  1237651272961490958 8243-6103   1-47342  10.93   0.18   0.14 2.31     2.64    2.81      1.17     1.21    1.23      1.0    25.14   0.55    0.44  7.25   0.55   1.13    1.86     0.7     
  1237653589024243722 8244-3701   1-73651  10.9    0.13   0.19 2.36     2.72    2.54      1.15     1.25    1.13      1.0    30.15   0.77    0.36  8.04   0.5    1.12    2.07     0.91    
  1237667485919477982 8248-3703   1-605726 10.6    0.23   0.15 2.06     2.6     2.81      0.94     1.16    1.39      1.0    19.94   0.88    1.66  6.81   0.36   1.37    1.49     0.88    
  1237657606429868175 8249-3704   1-137883 10.7    0.55   0.0  1.78     2.76    0.0       0.77     1.55    0.0       1.0    26.95   0.66    1.4   7.78   0.48   0.0     0.0      0.0     
  1237661968503275567 8260-3704   1-281927 10.24   0.15   0.28 2.4      2.2     2.58      1.07     1.14    1.15      1.0    23.44   0.95    0.53  10.18  0.3    1.14    2.12     0.87    
  1237667910063947842 8311-6102   1-519407 10.79   0.16   0.18 2.43     2.55    2.55      1.15     1.14    1.19      1.0    28.17   0.96    0.39  10.83  0.52   1.02    2.0      0.8     
  1237658203441791057 8319-3702   1-234004 10.48   0.2    0.21 2.51     2.57    2.61      1.13     1.19    1.31      1.0    11.44   0.91    0.52  4.68   0.36   0.53    1.44     0.68    
  1237665024908722240 8323-3702   1-402833 10.24   0.13   0.15 2.35     2.86    2.45      1.05     1.12    1.26      1.0    14.01   0.94    0.67  7.81   0.29   0.72    1.57     0.85    
  1237661958298665098 8326-6103   1-320664 10.68   0.22   0.26 2.53     2.59    2.73      1.19     1.13    1.21      1.0    17.35   0.94    0.49  10.15  0.31   0.94    2.38     0.74    
  1237661874021269578 8332-6103   1-251119 10.62   0.16   0.1  1.86     2.92    3.37      0.88     1.29    1.42      1.0    11.6    0.86    0.41  6.96   0.37   0.1     1.42     0.72    
  1237664295835861052 8336-12702  1-313036 10.68   0.14   0.12 2.3      1.9     2.98      1.17     0.76    1.61      1.55   31.17   0.64    1.0   22.59  0.22   1.08    2.35     0.68    
  1237662226225168434 8337-6102   1-313385 10.76   0.12   0.27 2.1      3.59    2.58      1.1      1.22    1.28      1.0    27.88   0.57    0.48  10.57  0.35   1.09    2.43     0.65    
  1237667734494314672 8438-3703   1-474807 10.29   0.11   0.14 2.34     2.35    2.45      1.09     1.1     1.1       1.0    16.92   0.78    0.21  8.27   0.29   0.79    2.15     0.64    
  1237657770707451937 8439-6102   1-155975 10.74   0.17   0.14 2.03     2.09    2.15      0.92     1.1     1.31      1.0    20.64   0.73    0.33  9.79   0.32   0.79    1.33     0.96    
  1237665228385943764 8444-6104   1-420732 10.7    0.2    0.12 2.33     2.4     2.43      1.08     1.13    1.2       1.0    24.38   0.97    0.98  10.55  0.38   1.12    1.74     0.9     
  1237664852566802615 8445-6102   1-409214 10.56   0.14   0.15 2.39     2.76    2.64      1.14     1.08    1.28      1.0    14.77   0.97    0.7   6.27   0.47   0.87    1.11     0.7     
  1237658204501311521 8456-6101   1-167166 10.54   0.17   0.16 2.32     2.64    2.59      1.07     1.16    1.24      1.0    29.63   0.92    0.35  18.13  0.25   1.23    3.24     0.82    
  1237654949450416218 8481-6102   1-91580  10.52   0.14   0.15 2.19     3.89    2.24      1.0      1.21    1.22      1.0    15.91   0.69    0.1   13.65  0.23   0.7     2.27     0.61    
  1237651251514900539 8483-3701   1-93375  10.47   0.12   0.23 2.23     2.61    2.58      1.03     1.14    1.28      1.0    17.39   0.95    0.25  12.17  0.32   0.86    2.25     0.98    
  1237655373036978215 8550-3704   1-211311 10.46   0.15   0.14 2.0      2.62    2.41      0.92     1.17    1.14      1.0    19.55   0.94    0.46  6.64   0.36   1.09    1.23     0.86    
  1237651252046069990 8553-6103   1-632698 10.75   0.16   0.26 2.82     2.26    2.68      1.21     1.08    1.22      1.0    18.97   0.84    0.25  9.84   0.38   1.22    1.89     0.74    
  1237665025978269779 8554-3703   1-419345 10.48   0.17   0.23 2.42     2.42    2.69      1.05     1.15    1.18      1.0    21.82   0.91    0.43  6.81   0.41   1.04    1.78     0.73    
  1237659326021107997 8593-6104   1-208709 10.92   0.37   0.11 2.25     2.23    2.47      1.03     1.04    1.2       1.0    35.83   0.68    0.58  14.85  0.55   1.53    1.92     0.76    
  1237661416603910214 8595-6104   1-246027 11.02   0.16   0.16 2.63     2.87    2.05      1.14     1.38    1.2       1.0    25.96   0.93    0.56  7.73   0.45   1.42    2.53     0.78    
  1237659330313191456 8600-1901   1-633729 10.11   0.43   0.0  1.92     1.33    0.0       0.86     0.9     0.0       1.0    14.32   0.74    1.0   4.95   0.52   0.0     0.0      0.0     
  1237665355085906111 8600-3703   1-135202 10.78   0.12   0.16 2.19     2.78    2.62      1.04     1.31    1.1       1.0    32.56   0.78    0.24  8.0    0.64   0.87    1.88     0.85    
  1237655373036585211 8604-12703  1-135502 10.92   0.12   0.15 2.28     2.58    2.84      1.04     1.28    1.29      1.0    37.91   0.71    0.51  12.72  0.41   1.39    2.27     0.71    
  1237659326029430852 8604-9101   1-594505 10.82   0.2    0.25 2.55     2.6     2.61      1.2      1.21    1.19      1.0    42.04   0.84    0.42  19.76  0.34   1.56    4.04     0.89    
  1237651213359776065 8610-6104   1-22810  10.55   0.06   0.37 2.32     7.31    2.48      1.08     1.27    1.21      1.0    17.24   0.89    0.1   11.21  0.3    2.25    3.35     0.69    
  1237656530529550531 8624-3702   1-23670  10.95   0.19   0.49 2.08     2.42    2.67      1.12     1.0     1.32      1.0    32.49   0.79    0.46  15.28  0.38   2.77    5.56     0.73    
  1237663917338788234 8711-9101   1-378881 10.49   0.19   0.22 2.71     2.67    2.59      1.22     1.25    1.26      1.0    33.59   0.72    0.38  15.84  0.3    1.24    3.26     0.69    
  1237651495758528770 8719-3704   1-44700  9.99    0.16   0.11 2.31     2.85    2.55      1.06     1.23    1.26      1.0    13.8    0.79    0.1   12.17  0.22   0.49    2.65     0.57    
  1237651702452256921 8723-1901   1-47408  10.17   0.14   0.31 2.31     2.37    2.34      1.02     1.23    1.18      1.0    16.54   0.66    0.24  8.04   0.48   1.1     1.54     0.89    
  1237651535483437180 8723-3703   1-47389  10.31   0.35   0.18 2.17     2.44    2.21      1.05     1.08    1.14      1.0    24.89   0.83    0.91  11.04  0.6    0.85    1.64     0.83    
  1237654391643242659 8725-3704   1-73029  10.62   0.4    0.24 3.55     2.22    2.87      1.09     1.12    1.29      1.0    20.0    0.93    0.54  9.85   0.54   0.64    1.58     0.91    
  1237657877001667075 8726-6102   1-217686 10.43   0.17   0.2  2.17     2.65    2.5       0.94     1.23    1.22      1.0    15.91   0.76    0.1   11.09  0.27   0.76    1.86     0.65    
  1237667442974589034 8931-1901   1-456371 9.71    0.08   0.18 2.1      3.07    2.29      1.08     1.0     1.07      1.0    13.58   0.66    0.1   7.14   0.34   1.96    2.8      0.6     
  1237665440442351629 8932-6104   1-404171 10.7    0.12   0.25 2.41     2.91    2.28      1.19     1.11    1.21      1.0    26.34   0.74    0.35  15.64  0.34   1.23    3.81     0.71    
  1237665440442810465 8934-12705  1-403685 10.4    0.18   0.26 2.7      2.09    2.55      1.13     1.1     1.18      1.0    31.13   0.8     0.32  25.16  0.26   1.85    4.82     0.75    
  1237667442438176777 8934-3703   1-457122 10.51   0.2    0.18 2.31     2.41    2.59      1.08     1.02    1.24      1.0    22.04   0.5     0.41  7.66   0.43   0.92    1.85     0.75    
  1237667323797438566 8935-3701   1-456773 9.34    0.36   0.0  2.11     2.3     0.0       0.96     1.04    0.0       1.0    16.04   0.79    1.12  7.48   0.44   0.0     0.0      0.0     
  1237661358614446221 8945-1901   1-279544 10.12   0.33   0.23 2.0      2.33    2.5       0.95     1.06    1.31      1.0    17.77   0.78    0.73  6.0    0.54   1.02    1.15     0.84    
  1237660635462434943 8946-3701   1-279147 10.69   0.26   0.18 1.87     2.46    2.21      0.97     1.09    1.18      1.0    16.6    0.93    0.68  7.03   0.46   0.73    1.04     0.85    
  1237667444048789721 8949-6102   1-623758 10.18   0.21   0.18 1.99     2.8     2.41      0.97     1.22    1.15      1.0    23.86   0.9     0.83  9.15   0.42   1.28    2.3      0.82    
  1237667444048330789 8951-6101   1-456510 10.5    0.15   0.2  2.43     2.52    2.57      1.17     1.22    1.21      1.0    31.39   0.68    0.62  13.22  0.33   1.05    2.69     0.74    
  1237662498390212811 8980-3702   1-236045 10.76   0.06   0.15 2.19     1.98    2.88      0.99     0.9     1.29      1.0    15.79   0.89    0.3   6.95   0.28   4.28    2.29     0.33    
  1237665024375193727 8985-3702   1-420908 9.7     0.27   0.0  2.05     1.87    0.0       0.98     0.78    0.0       1.0    15.05   0.95    1.77  5.72   0.43   0.0     0.0      0.0     
  1237651714799829110 9026-12705  1-94696  10.87   0.18   0.14 2.29     2.54    2.77      1.04     1.17    1.25      1.0    30.84   0.82    0.49  15.81  0.41   0.9     2.04     0.83    
  1237655504567599432 9026-9102   1-94720  10.7    0.15   0.1  2.42     2.48    2.6       1.11     1.08    1.19      1.0    22.99   0.98    0.57  11.2   0.37   0.96    1.93     0.95    
  1237662336255918376 9032-12702  1-268786 10.81   0.12   0.14 2.14     2.6     2.53      0.95     1.37    1.2       1.0    17.23   0.93    0.1   12.1   0.22   0.71    1.98     0.75    
  1237659161736052817 9035-3704   1-247675 10.79   0.25   0.12 2.1      2.22    2.9       0.96     1.13    1.32      1.0    15.66   0.94    0.51  8.25   0.41   1.07    1.36     0.78    
  1237655474511348396 9085-1901   1-177972 10.06   0.2    0.22 2.22     2.42    2.49      1.02     0.97    1.2       1.0    9.04    0.99    0.94  4.41   0.29   0.3     1.12     0.77    
  1237662225163420013 9086-6104   1-318370 10.48   0.21   0.19 2.38     2.45    2.57      1.09     1.14    1.19      1.0    16.89   0.9     0.6   10.24  0.38   0.98    1.99     0.87    
  1237654390566748264 9182-3703   1-72199  11.26   0.15   0.21 2.2      2.58    2.79      1.03     1.05    1.37      1.0    35.32   0.82    0.21  11.55  0.52   0.8     2.58     0.9     
  1237674289682055479 9484-3701   1-153260 10.51   0.12   0.09 1.91     3.03    2.74      0.82     1.31    1.33      1.0    21.18   0.8     0.17  14.97  0.2    0.66    1.88     0.73    
  1237651191354622186 9487-9101   1-45179  11.04   0.17   0.13 2.21     2.78    2.61      0.99     1.21    1.28      1.0    29.34   0.86    1.04  9.1    0.4    1.42    2.48     0.7     
  1237673808655548697 9490-3701   1-383608 10.36   0.26   0.11 2.18     2.28    2.76      0.99     1.17    1.09      1.0    10.06   0.75    0.96  4.12   0.38   0.76    1.06     0.78    
  1237664837535596939 9495-3703   1-383698 10.38   0.41   0.0  2.13     1.95    0.0       0.91     1.17    0.0       1.0    12.79   0.54    1.07  3.64   0.65   0.0     0.0      0.0     
  1237664092898918748 9502-3704   1-385108 10.15   0.15   0.19 2.35     2.51    2.45      1.05     1.16    1.23      1.0    14.7    0.87    0.44  9.51   0.22   0.76    2.06     0.65    
  1237658191609528484 9504-3704   1-164244 10.49   0.34   0.2  1.85     1.67    1.64      0.73     0.9     0.96      1.0    15.31   0.9     0.34  6.82   0.51   0.35    1.2      0.94    
  1237664667352432809 9506-1902   1-386154 9.87    0.11   0.19 2.02     2.65    2.44      0.97     1.05    1.17      1.0    10.51   0.66    0.26  6.83   0.26   0.11    1.32     0.62    
  1237661125612863809 9508-12703  1-298950 11.27   0.13   0.1  2.45     2.7     2.67      1.13     1.21    1.27      1.0    31.87   0.93    0.57  10.14  0.4    1.41    1.94     0.89    
  1237660765371236423 9509-3704   1-230100 10.57   0.14   0.27 2.54     2.62    2.48      1.16     1.12    1.22      1.0    26.07   0.73    0.37  9.15   0.41   1.33    1.98     0.82    
  1237673708258525453 9512-6102   1-53916  10.88   0.27   0.25 2.86     2.34    3.07      1.19     1.17    1.3       1.0    20.49   0.87    0.74  10.09  0.45   1.31    2.09     0.8     
  1237667444048003160 9862-12701  1-455941 9.81    0.2    0.34 2.26     2.48    2.46      1.09     1.07    1.14      1.0    16.49   0.84    0.36  10.26  0.34   1.22    2.49     0.82    
  1237667441900519536 9863-3704   1-456418 10.23   0.17   0.15 2.32     2.57    2.5       1.11     1.11    1.16      1.0    21.16   0.73    0.49  6.99   0.52   1.12    1.48     0.71    
  1237661386534748167 9865-6103   1-246565 9.54    0.42   0.0  2.11     2.05    0.0       1.15     0.81    0.0       1.0    24.15   0.73    1.67  9.92   0.55   0.0     0.0      0.0     
  1237655472357310628 9869-9102   1-135524 10.69   0.39   0.28 2.09     2.38    2.07      1.05     1.04    1.09      1.13   46.49   0.88    1.0   31.86  0.32   1.59    3.36     0.89    
  1237659132214378734 9870-6101   1-199360 9.52    0.15   0.0  2.27     1.79    0.0       1.05     0.95    0.0       1.0    16.51   0.68    0.35  7.63   0.38   0.0     0.0      0.0     
  1237667444048723991 9874-6101   1-456952 9.7     0.29   0.0  2.17     2.32    0.0       0.94     1.19    0.0       1.0    16.51   0.95    1.62  7.61   0.27   0.0     0.0      0.0     
  1237667323797962933 9876-3704   1-457163 10.14   0.1    0.31 2.31     2.33    2.47      1.02     1.09    1.12      1.0    18.65   0.86    0.1   14.34  0.25   2.42    6.02     0.53    
  1237667444585201702 9877-12701  1-623330 10.3    0.06   0.56 2.28     2.47    2.46      1.02     1.04    1.16      1.0    24.18   0.85    0.11  11.72  0.29   3.34    5.05     0.8     
  1237665531171373201 9881-3703   1-458301 10.43   0.14   0.16 2.17     2.75    2.61      1.04     1.18    1.38      1.0    15.41   0.69    0.41  6.43   0.4    1.05    1.47     0.8     
  1237655474509382051 9883-3703   1-176928 10.58   0.17   0.31 3.04     2.29    2.65      1.24     1.09    1.24      1.0    22.47   0.85    0.51  13.45  0.28   1.08    2.83     0.74    
  1237662697572466956 9889-1901   1-375609 10.05   0.2    0.32 1.58     1.87    1.63      0.58     1.02    0.96      1.0    11.99   0.61    0.3   3.4    0.44   2.13    2.56     0.85    
